proj:       3
zone:       0
north:      90N
south:      90S
east:       180E
west:       180W
cols:       18000
rows:       9000
e-w resol:  0:01:12
n-s resol:  0:01:12
top:        1.000000000000000
bottom:     0.000000000000000
cols3:      43200
rows3:      21600
depths:     1
e-w resol3: 0:00:30
n-s resol3: 0:00:30
t-b resol:  1
